generation# Run#1.Average Run#2.Average Run#3.Average Run#4.Average Run#5.Average Run#6.Average Run#7.Average Run#8.Average Run#9.Average Run#10.Average Average.Average
0 92834.98996132844 92951.18415167488 93901.88416709496 92865.75973164226 92537.39842845735 92771.41723946008 93237.0863471018 93005.70901392959 93485.79153872974 93215.42007043467 93080.66406498538
1 92353.25037735395 92742.45569886969 93749.84624533828 92377.22613638478 92328.84025815314 92688.95160689006 92932.03799365809 93185.88904304297 93096.11390731823 93230.16411110735 92868.47753781165
2 92431.27816877005 92469.89614156187 93275.82972796957 92587.29767111636 92250.86703918914 92754.31762835737 93195.98694466552 93086.1566184637 93069.97715199596 93286.66376362975 92840.82708557193
3 92448.31506089326 92369.19430257274 93019.14411062258 92217.27896646629 92171.11113734115 93006.62004141575 93110.02444199678 92953.49515395527 92715.89574280949 93413.51898810723 92742.45979461806
4 92482.75254417915 91807.88281483325 92392.1982729007 92311.70970908501 92085.3437951812 92919.48928736892 93286.28835361757 92897.53863700466 92592.20217858066 93252.33841233826 92602.77440050893
5 92172.48619262064 92064.27978510971 92439.22828222066 91988.4292555242 92187.76339189285 93053.85131825341 93337.35738124173 92677.1642244095 93076.46868328625 93083.47801395982 92608.05065285187
6 92164.41737276124 92345.4806773728 92474.5686822445 91806.99157623146 92397.69967904896 92578.43402940467 93157.7404517902 92527.23270690095 93180.43416418771 92871.8008668344 92550.48002067769
7 92182.45241755362 92206.11157486802 92674.85832673674 92165.62517727475 92667.04093394209 92573.75111189256 92401.09226991433 92928.96245950754 92933.86134805792 92674.94354969003 92540.86991694376
8 92244.12364303131 92221.5513067258 93081.64221257447 92066.3555928736 92812.06837653376 92505.95234921049 92550.01122626089 92826.65635171813 92968.09365638168 92587.13140188991 92586.35861172
9 92112.85717409359 92270.42933294454 93080.38960498828 91951.15913105632 92763.51396985562 92777.68457910024 92466.51787246556 92568.95291225902 92847.00143099118 92573.22035780617 92541.17263655606
10 92188.79951384831 91872.16904270224 93021.24467893805 91940.72913582208 92618.33851860203 92578.97282959943 92563.94176055791 92559.56438992411 92718.55961995263 92617.55261226223 92467.9872102209
11 92459.29224420057 91955.85023551634 92634.33129648137 91834.41420848106 93056.72999235365 92562.07039712906 92986.35142531358 93109.40601421938 93031.12769060227 92624.54379008683 92625.41172943842
12 92129.2807986148 91903.15250114429 92665.60051898783 91861.7294713818 93101.23182871546 92219.42910925971 93017.96443684264 92935.17617056091 93331.56049999298 92492.86028561484 92565.79856211152
13 92385.34065956771 91961.73974375078 92835.84865636379 92011.80993762094 92996.23495609406 92439.12547873253 93148.69427652456 92708.50265529583 93374.50370991572 92517.85334967304 92637.96534235388
14 92612.51404371863 92098.83776693672 92714.03660678295 91991.35170373812 93384.17763772953 92188.47738744682 93206.48646857297 92527.2968781287 93541.34249796688 92565.7843403613 92683.03053313826
15 93065.4631866205 92166.75494372698 92542.45398355482 92270.86326781758 92685.24146677405 92289.21895180708 93780.4698177429 92507.32538149008 92784.39378431186 92675.94925258837 92676.81340364342
16 93677.91808015389 91876.19169811881 92659.58345019544 92436.50019990024 93144.27640729616 92453.33982596199 93571.12805962283 92058.63656383546 93027.68235797469 92527.94830310292 92743.32049461624
17 93664.38498940467 91857.66995454831 92742.59773922103 92505.63648634819 92837.22461937761 92568.80861972932 93558.22872401016 92259.02877161397 93038.17830761922 92333.21403940245 92736.49722512749
18 93574.9694704227 91877.97846305925 92500.42675359758 92653.71188341816 93036.2566740414 92269.98062032579 93361.14563880725 92288.0376896782 93279.38057066032 92810.2122376694 92765.210000168
19 93416.9784233183 91920.11002536472 92177.34740662632 92835.58355489829 93264.04143476757 92161.87426054278 93131.0445313717 92803.6116294518 93333.52728386728 92976.6787900269 92802.07973402357
20 93603.11358935027 91825.15179521075 92302.39911985831 92899.34398744216 93418.18226108741 92168.06230347573 92988.02343286024 92738.8123267715 93287.44055816912 93025.52856493514 92825.60579391607
21 93400.3811882471 91543.37829142023 92163.40623883439 93079.49974891976 93588.81961749216 92225.54624075264 93077.44071390612 92385.5496591477 93337.3412974582 92519.44451704253 92732.08075132206
22 93299.84677308828 91357.1350929964 92034.49681594117 93103.05425528802 93441.79690008733 92451.02146335022 92772.05031037962 92429.69443499907 93197.2421484245 92277.9552640698 92636.42934586245
23 93319.4891734098 91273.18184411399 91812.03713786886 93444.09181226231 93568.30987605473 92413.65105108854 92497.50570275237 92213.13172148695 93684.6866148136 91681.26171841795 92590.73466522692
24 93755.22430451532 90929.65134163351 91985.26714153803 93910.04507457423 93676.85750374799 92867.2362648728 92580.57406844226 92334.08684318324 93409.42892334571 91536.00064381625 92698.43721096692
25 93830.70578265152 91125.7951776046 92192.78190605243 93843.64949739524 94025.26405322515 92945.65141108078 92486.50511866901 92428.56147101322 93389.72521658796 91596.63131008396 92786.52709443639
26 93618.64867537345 91091.10689097599 92125.58408377357 93237.03510593713 93988.12777650071 92559.77147657263 92158.13239495808 92628.27595306125 93223.53223628216 91881.10773535658 92651.13223287916
27 93859.5646671457 90863.5693450224 92002.17565758174 92971.61184193668 93637.84383449932 92673.06743929595 91891.76975341862 92604.4717474161 93233.46717399308 91734.60516468863 92547.21466249983
28 93624.46597036629 90898.07254763947 91533.81394319501 92972.74319893423 93468.62535557497 92696.57135584505 92227.9973932774 92747.43819242124 93177.34015493261 92093.25391836757 92544.03220305538
29 94226.30443772387 90973.71531970218 91787.78499781805 93010.83193043136 93595.53596151878 92373.47755213953 91762.14571700695 92315.90376217275 92917.77625460127 92012.03207556158 92497.55080086764
30 94089.09514416875 90763.08226918805 91823.17720967213 93351.53423040101 93579.9019960752 92638.70576829958 91878.58201875766 92672.19761125364 93182.45316479735 92087.01192448565 92606.57413370992
31 94107.57915681759 90956.91056638958 91614.15748853525 93552.52777322308 93905.28501036497 92645.13816591415 91711.67340771355 92635.51170960456 93036.72528577696 92000.86712193294 92616.63756862725
32 94135.5627183383 91462.07448579643 91833.33851886251 93900.16864714609 93620.73550236135 92515.04789279455 91384.29984453802 92787.37763200214 92775.94487667552 92307.87913955543 92672.24292580702
33 93861.16656694071 91487.13333890968 92051.48955154476 93658.14675249312 93883.46003993614 92582.95438387855 91513.07253840528 93303.00439373263 92818.39561330849 92363.64266935343 92752.24658485028
34 93808.03719980289 91574.25780132868 92024.64887528509 93699.3381590499 94016.89106982872 92828.5030075871 91630.0682624347 93106.71284752028 92784.24385890315 92559.55880035451 92803.2259882095
35 94141.19466009004 91771.65202141185 92037.06284726657 93635.33276830107 94042.96895930503 92575.07038018742 91473.28642540066 92892.56328501609 93114.9631345503 92918.51107716167 92860.26055586906
36 93965.87148781138 91875.07804762616 91873.07353430803 93668.73495113757 93725.90286119469 92408.36117460582 91288.8576864454 93049.97889975426 92896.76262124698 93008.37080476739 92776.09920688976
37 94196.95089185922 91824.61284555792 91924.67298054238 93950.13080936365 94040.11093136719 92581.25506340202 91332.01831363873 92857.01823699163 93035.76671373124 93092.41456186303 92883.49513483171
38 93948.24307116517 91878.7441905677 92108.14670160842 94064.95463107448 93903.71227193404 92642.44125011438 91529.91768839612 92964.5995508147 92957.89495680884 93005.36379348162 92900.40181059655
39 93788.64337297948 91624.55329971499 92114.9851182985 93936.13269651886 93943.83842414561 92680.73128199561 91205.69743998839 93159.74636619771 92262.57652953167 93141.22226314848 92785.81267925192
40 93968.96981413517 91383.36981421366 92440.23338884924 93693.18167306343 93876.67002565382 92802.30131836994 91034.49917380443 92801.71883370398 92751.22246696292 92630.40996496865 92738.25764737252
41 93674.453621655 91534.41332562549 92323.4218548484 93594.9996638483 93727.18538548994 92630.31107593108 91094.37939399519 92666.21347789536 92986.3479226876 92507.99987589961 92673.9725597876
42 93501.03714373666 91252.06235556958 92221.12551454575 93771.51919014615 93847.09289743043 92536.7921191035 90823.08695243337 92419.75463822602 92598.3849524698 92366.7843499666 92533.76401136277
43 92989.47437203178 90872.35691756995 92340.99039580867 93588.98269186703 93701.11333431423 92617.58254608301 90750.33767309108 92249.34232495232 92906.35286902818 91990.8187898894 92400.73519146358
44 93317.60722824265 90805.18192450314 92184.64905719213 93590.37219394624 93759.60325532676 92185.38087807744 91066.84051232893 92511.7586130445 92356.19864616441 92005.80311680042 92378.33954256265
45 92990.70997995404 90645.29216411068 92264.80157907684 93516.067730459 93618.264874651 92214.08274115696 91182.61956984462 92489.19446884356 91998.56966997165 91714.10869507243 92263.37114731407
46 93286.17344735695 90460.02923295661 92361.53562244501 93549.19331252978 93414.5637908663 92161.12742290722 91000.10693864476 92768.1631784304 91605.74575875574 91920.36419289124 92252.7002897784
47 93769.02509504397 90612.58719373605 92014.02128596677 93384.43924904372 93385.13508449327 92149.42119316974 91035.91405700878 92773.95328912241 91360.86060203626 91945.40656625645 92243.07636158774
48 93570.52603085841 90330.73085973403 91864.27789254746 93303.50766667184 93433.62675088343 92328.44091089486 90916.72877817904 92391.33318166039 91062.24194381223 92002.43404423367 92120.38480594753
49 93594.98177054478 90257.08379363523 92203.92344897958 93331.7646916321 93420.27550101619 92346.04164152594 90818.77967656282 92298.21962709235 91146.55794038002 92141.99684419775 92155.96249355667
50 93414.70774005882 90110.38704270637 92213.51342204153 93025.95943845784 93439.76230215162 92447.42623518813 90816.7256989743 92224.88729435248 91232.055411395 92283.37847437587 92120.8803059702
51 93289.14874121363 90115.57322805622 91878.31283560622 93124.18687669757 93733.69006238526 92776.41711346977 91047.0655363282 92421.53607840509 91361.71007543542 92293.03325850029 92204.06738060978
52 92855.31263438612 89859.08466278456 91589.51431850894 93258.83885954249 94033.12849399514 93139.60688910441 91015.25421641229 92290.49816374439 91140.80235931854 92561.42462702982 92174.34652248267
53 92456.27517730909 89864.68936052034 91589.41996040026 93387.7527646688 93744.21955865787 93398.16290997852 90564.83716068264 92377.15502333385 91387.54983818786 92483.05455449205 92125.31163082313
54 92001.42156083569 90010.37369520686 91257.44044774512 93491.70319551167 93339.75877304054 93428.22213202393 90583.26360534824 92409.17990086898 91494.03277178231 92455.81835512744 92047.12144374909
55 91693.21741396023 89722.17829797152 91445.4130820142 93532.5922200114 93541.55831216417 92348.48877646393 90618.77496167556 92291.84398840225 91464.86093767532 92498.73943289493 91915.76674232335
56 92094.61257123304 89776.00827205711 91401.28499546563 94005.62479062876 93738.82053690075 92511.90085699807 90275.62261682314 92512.52327473412 91328.5708787311 92604.96459797841 92024.99333915501
57 92136.13712173543 89457.25009379916 91201.41938852333 94112.70449495244 93954.06625926653 92706.18162533884 90203.17157068572 92601.1879593648 91744.90354508867 92832.70821108654 92094.97302698415
58 91977.95313935567 89331.78151092418 91217.90338097491 93809.72508626348 93566.5864890701 92256.47389137255 90216.11493106178 92435.5800824343 92170.32526289593 92726.07094734747 91970.85147217003
59 91913.45543606835 89325.08440873734 90934.19400656219 93666.91539931351 93340.62943700995 92464.32919995913 90218.83596214649 92822.03058699994 92645.86884997916 93025.30346096044 92035.66467477365
60 91465.121789941 89222.5845865451 91251.84375406578 93780.97956235246 93446.8919211056 92851.34765221366 90300.23129636965 92688.31320311889 92470.4823242401 92965.34992217734 92044.31460121297
61 91584.64390030416 89070.63084668621 90948.93876443003 93812.43634579168 93176.67492565713 93026.07574539652 89991.10856654425 92485.98888047355 92905.67680677297 92923.83438121821 91992.60091632747
62 91473.49867814261 89075.45730624477 90740.79239813075 93516.13310971524 93225.51451675847 92935.70060833723 90025.72446060176 92500.9444680812 92809.09566467514 92716.35014931094 91901.92113599982
63 91135.07768752106 88855.38567672673 90789.21154338893 93226.01703620951 93249.30147338794 92739.67337412758 89849.62898989081 92497.70060956747 92341.21026172604 92304.40779264733 91698.76144451935
64 91052.8373108234 89172.14410429212 90414.19966712013 92898.83038035547 93312.06229511855 92496.34025990366 90095.88371151518 92512.46814170625 92458.68302334791 92645.49151890747 91705.89404130903
65 91504.7815939689 89117.20482223007 89944.98471728506 92865.06091586099 93189.88026754597 92518.13154552731 90238.93225914682 92948.97960534012 92455.79418416145 92800.41774766568 91758.41676587323
66 91530.9912018346 89280.28459149346 89820.62482128308 92657.4063750486 92674.88557786182 92198.9884687232 89880.21445047493 92854.9997975178 92461.20173669302 92990.07406523713 91634.96710861677
67 91388.74933785459 89215.26072625081 89842.31047924362 92587.73856083884 93019.18713599331 92186.70971063571 90024.65084874778 92860.90784578465 92294.43242771483 93380.83397042858 91680.07810434928
68 91145.92142316424 89350.37321556812 89819.17600594365 92159.08976179076 93206.5345269238 92336.07581184788 90090.78389409947 93017.44809423572 92313.87541244528 93105.36903819261 91654.46471842115
69 90817.85622398034 89264.89111406416 89580.548390124 92098.87880716124 92904.07459044889 92505.9990603812 90087.31739129062 93430.50586483504 92678.66241546333 92921.93869415383 91629.06725519025
70 90772.48302043277 89238.65512745171 89541.87212981159 92465.75862573809 93011.1523152062 92314.56448293549 90034.32254797968 93488.41245212652 92544.56030456573 92951.55303599229 91636.333404224
71 91192.51048880184 89429.88784456189 89784.79394361631 92451.45237383134 93166.04461990851 92267.85950716943 90828.86591159017 93268.78833869893 92699.48299366917 93071.83397188623 91816.15199937338
72 91246.60567457322 89425.16145995143 89862.90857485788 92056.07057735417 93016.10951957047 92362.27350624249 91210.58203538037 93184.49307979665 92779.3640678074 93070.4195427654 91821.39880382996
73 90852.8183544136 89020.94485642527 89983.9203987012 92000.92185586311 93345.5452089564 92541.29202692783 91023.06301152254 93295.19400765274 92638.71861066445 92794.42960416412 91749.68479352913
74 90679.73140876353 88989.53842292531 89961.53911696187 92306.69129394833 93167.50864254944 92414.84805469145 90983.84279105616 93140.76398772374 92493.11558419713 92872.93328587725 91701.05125886941
75 90673.93973962592 88687.25263533666 90175.89899697485 92582.34144184127 93400.59228699951 92681.96318307561 91333.89492150636 93341.00490749176 92558.48638178727 93018.51057949832 91845.38850741377
76 90680.42480402999 88599.44563716759 89965.2551206778 92532.84691808348 93264.26389695429 93001.8112956013 91723.33983870124 93716.89170640903 92336.32552082321 92783.59669146189 91860.420142991
77 90605.21269223413 88591.3361989941 89981.1121071274 92231.89305025796 93272.65212414615 93158.27267267469 91393.60686157952 93540.69641657575 92741.91413073667 92531.59565034717 91804.82919046734
78 90324.28487271494 89061.03006106334 90231.5188440956 91511.39060309868 93497.11457877795 92890.82461663596 91186.56146840587 93540.71458660164 92484.86633769903 92897.89521497446 91762.62011840673
79 90303.89632326858 89197.48955053306 90158.03223988622 91601.78696352415 93623.82177786352 93004.47896702014 90819.05011697579 93260.29573573107 92679.36936494077 92761.7908944314 91741.00119341748
80 90151.73317613568 89029.98363238218 90017.60560680009 91490.46583257926 93748.02763454971 92723.97604005453 90920.7163205315 93286.17398187771 92382.42975885369 92922.36510201117 91667.34770857755
81 90122.22866259556 89132.98509716472 89960.51897442364 91332.5084919455 93967.60762433089 93160.28962995354 90730.91113208722 93410.50409980817 92185.4790926359 92709.76692455442 91671.27997294995
82 90245.87113819327 89101.76672832457 90043.36317215077 90933.53779880719 93950.798401858 93043.11910586999 90656.0511646018 93514.31459645157 91941.94203183046 93017.92072014471 91644.86848582324
83 90365.66580913353 89110.29514620638 90171.93890873439 90679.45952657989 94146.89246835375 92697.53175887684 90908.32391548163 93597.82204757989 91991.41226366385 92967.49130888433 91663.68331534945
84 90704.5417683148 89229.03459422453 90240.3254788559 90948.18349718396 93850.54171926742 92831.55771006273 91013.93965250537 93206.6929419548 91931.2027363324 93162.55002455207 91711.8570123254
85 90817.86965120149 88883.86063828589 90239.2185635492 90944.60799199491 93973.357647334 92675.12232692185 91032.50635307725 92714.39400935346 91950.13409135818 92883.2946279242 91611.43659010004
86 90716.97146675579 88983.66645904031 90704.3985875731 90795.52636180658 94175.57174365937 92714.81785843744 90787.02284254559 93294.17042601648 91843.15011980986 92894.8721601995 91691.0168025844
87 90554.23743751767 88833.93254325143 91018.8001236875 90841.66239337614 94212.79709672077 92715.93553970115 90214.2121023072 93187.90628339208 92048.35193787636 92965.15881524158 91659.29942730718
88 90590.0547637004 88721.3934623682 91249.61594605095 90879.193183759 93768.96880898239 92633.99678348437 90204.04030467015 92981.86101516777 92225.55399873965 92670.0420671335 91592.47203340565
89 90777.97475804001 88848.84344202006 91151.08443890812 91191.8993807036 93337.34690277479 92534.87083258665 90348.58415032063 93164.27862921027 92065.3542064922 92237.05380476851 91565.72905458248
90 90688.17837164158 88835.07920015181 91277.80743742491 91301.36016281352 93164.9555648472 92366.44622288093 90240.19935477391 92959.2431598913 91986.14997896641 92060.53173741631 91487.99511908079
91 90527.99634889349 88944.74754241336 91163.0576181749 91319.36465257335 93420.30160065064 92638.42028477917 90231.54670958234 92928.01807354997 91867.08955093166 91700.75673318244 91474.12991147314
92 90522.95456108403 89247.03820319961 90851.16800973886 91434.1604439236 93614.88714910329 92744.0912271171 90303.0956013792 92821.12095677285 91903.41090297986 92046.82512110748 91548.87521764058
93 90301.26761529612 89358.61697660036 91003.82529317301 91391.85139299884 93521.65029628975 92613.49590387917 90084.84161767477 92570.99272207882 91860.95926604114 91901.74877421909 91460.92498582511
94 90658.0473549502 89903.41332072108 91243.38923399219 91237.07063708095 93417.93914389641 92366.80230040193 89790.86649167699 92811.6880205457 91866.8426342249 91473.31090178624 91476.93700392767
95 90487.86236862025 90185.58680143362 91066.41261503079 91232.00098223306 93404.7499464783 91892.9408248133 90042.8859186593 92905.60992471657 91659.72085934864 91218.91061756614 91409.66808588998
96 90378.97519978436 90043.8694266354 90898.57656092999 91414.06068470544 93468.66156786963 91866.19838086417 90320.34888271926 92686.77849896374 91802.39783815303 91470.02009468789 91434.98871353132
97 90452.50278828765 90175.96310154226 91171.0002368222 91403.44157351814 93280.19558019123 91570.73257377962 90744.15363505633 92545.23808452538 91734.67587529459 91470.5098488269 91454.84132978442
98 90287.37574843917 90346.35380324864 91075.3815023602 91538.0889673927 93287.46198856822 91753.03062622056 90693.20205310915 92269.34911852938 91833.17343912816 91160.25876266012 91424.36760096563
99 90167.5740667424 90454.3726588053 91268.2538083593 91902.50298654225 93452.39566202974 91907.37966777795 90871.99087976574 92105.66349390717 91938.25432779189 91275.59574606204 91534.39832977837
100 90160.02484443583 91006.79991622655 90994.83676297189 91762.7380848192 93435.89183877365 91982.80327361217 90793.510946537 91886.6978898404 92063.98815221038 91432.3278774193 91551.96195868464
101 90378.83105379935 90959.57007099666 91093.75698771885 91664.28762608091 93674.59223867684 91678.49349579835 90862.80577661973 91457.6800431113 92524.18613394847 90891.40044898006 91518.56038757306
102 90583.5859283603 91009.43659059406 91257.75133784364 91399.51510384107 93517.2695564981 91739.48443166613 90824.11658663084 91567.51140009421 92705.95140253805 90751.09476045064 91535.5717098517
103 90639.35497655753 90895.23376413649 90997.60891962337 91332.3582823432 93463.28835940444 91637.91447269208 90746.02289294815 91612.60124850918 92799.61491604832 90641.53899275743 91476.55368250202
104 90489.32072898663 91156.3154151254 90896.43943050045 91301.4399596684 93633.55187707012 91434.42723215598 90731.18070656598 91622.16930118736 92695.0071266551 90690.40906100071 91465.0260838916
105 90119.7633141101 91124.36641653198 91186.57392032613 91178.67146452348 93449.74113747448 91776.12135479416 91007.96633452039 91671.07434877931 92782.60295417716 90448.63078922858 91474.55120344658
106 89995.73428381157 91899.95569105816 91560.20738386983 90853.54799198106 93792.53944745216 91588.07291221229 90684.25641119406 91808.61227131812 92757.76855478594 90281.8437903414 91522.25387380246
107 90505.73325364855 91886.75546310972 91565.98384180147 91016.08046060934 94189.35779334242 91559.81131376854 90825.17038083993 91778.42591826795 92902.6543635021 90328.52374323769 91655.84965321278
108 90427.60416328175 92406.85447301621 91296.60499542384 90490.8712352729 94244.07274668239 91373.11972929399 90907.8148408181 91889.69618778367 92396.95049122507 90422.40181680024 91585.59906795982
109 90546.88892935312 92190.42392957675 91471.97621548925 90433.1808636717 94061.20826637263 91601.69585547977 91194.49286607796 91815.69602274468 92560.6198226842 90706.41232559785 91658.25950970479
110 90498.44776518075 91885.35528128299 91793.71045885884 90056.28419436752 93762.6988258368 91652.9142069704 91302.8361541241 91899.94742427513 92333.55035467907 90813.49129478198 91599.92359603578
111 90809.27870399802 91730.98859258709 92298.4529808832 90468.04849107648 93955.92741798935 91798.86037947239 91188.21248875455 91648.3563055092 92498.41345650468 90449.5679641688 91684.61067809438
112 90536.3927760207 91453.98898599335 92760.69643735792 90255.97722274983 94148.96767163767 91897.54820211172 90730.96891456508 91758.58839471714 92315.26956141471 90347.00822794202 91620.54063945102
113 90679.28522454799 91354.90872156457 92572.11464191023 90264.63024345295 93991.78959511797 91609.35239760074 91070.0838428786 91779.30892453254 92264.89296932712 90475.99696520176 91606.23635261346
114 90686.41708897443 91056.19667374245 91829.08372955823 90281.3073902677 93574.29254607321 91774.49090052383 90644.32178978912 91957.58707668682 92322.86122763342 90469.2692935184 91459.58277167675
115 90965.4581940982 90804.5696227534 91818.17274549785 90331.73427419929 93351.52896816882 91672.65549150409 91210.41548696393 92053.80455941228 92498.31895930441 90536.44257223162 91524.31008741338
116 91106.18647273649 90815.20388633275 91473.15763940434 90258.20227427945 92899.88230602238 91565.66120391102 91739.95467810475 92406.77807647534 92758.62248601868 90585.16693602494 91560.88159593102
117 91031.90679623157 91181.78104223302 91508.94734234395 90041.0409009804 93306.82627739267 91356.79609816104 91630.84428749265 92602.51623741552 92889.3751125192 90663.20411243578 91621.32382072059
118 90997.86069785878 91215.68090476243 90917.29136643652 89719.90250826578 93769.31914392473 91575.41487760462 91786.2573775015 92386.49880232167 92906.79408245815 90242.12735398627 91551.71471151205
119 90786.15440918748 91418.34092756193 90664.20352316793 89625.38327956326 93942.02146169852 91499.38909719205 91498.37766911993 92451.02817627141 93020.00132342108 90345.16951643577 91525.00693836194
120 90793.81116747945 91336.03179957955 90572.65259200888 89864.17892240417 93711.25410992235 91600.7507049867 91587.60177484498 92068.34400612852 93469.17023894617 90505.26978692562 91550.90651032265
121 90426.08639445776 91029.32125500748 90748.80933629368 89399.84863106604 93323.15835907294 91939.21975124397 91620.76667782241 92053.12943394714 93809.53580404179 90036.86522038709 91438.67408633404
122 90413.81358578286 90954.11824495519 90460.35882222462 89329.00420112872 92975.85168004171 91897.06737240838 91544.2527093221 92104.60279224695 93791.01781498398 89615.07242608168 91308.51596491762
123 90649.16511963894 91253.64792234992 90226.36537309233 89482.30835849345 93016.66230572366 91708.79768339511 91693.60217722911 92029.40298133489 93840.90510812854 89708.711691607 91360.9568720993
124 90739.71709246375 90955.9353447246 89946.22741800112 89453.1808946937 92869.002858626 91289.39070850208 91889.33940341508 92225.8085083273 93619.37282177254 89948.3419680839 91293.63170186101
125 90105.76001564789 91057.38828216579 89939.36100551023 89602.39683680437 92944.20269826619 91345.65741961736 91607.559463807 92352.02887234837 93526.98281135832 89905.96988189219 91238.73072874176
126 90231.02344404485 91093.0876205898 89840.69370243482 89241.83343646822 93152.15677207912 90725.11849329504 91731.12597961653 91832.17391974396 93516.29583512698 90099.87337601912 91146.33825794184
127 90030.99410582763 90872.93755772948 90144.18492340868 88918.12357429732 93545.96493629907 90889.96878711533 91530.73943124522 91370.9455463079 93108.10843367518 90362.0281562467 91077.39954521526
128 90583.92996475224 90799.85803600523 90153.09884529507 88880.46678318709 93661.90889512337 91365.38063261694 91397.54941269186 91446.60916294623 93032.62587026715 90281.39067770442 91160.28182805896
129 90834.76564587116 91058.32630957925 90294.7138631147 88764.61814160677 93275.67633898652 91597.37937621652 91371.06205039332 91152.92422861228 93113.6698651243 90347.22739650522 91181.036321601
130 90779.70265958158 90765.54104028182 90617.85518942548 89197.12176013808 93213.01719699224 91882.93764827172 91026.037187931 91389.30308615559 92867.97992156302 90358.96748851395 91209.84631788544
131 90623.27076877415 90561.79079314992 90533.09983238117 89391.01936118408 92874.82485235416 92017.21768171912 90868.04278618313 91874.39709797931 92623.40249252693 90176.43456588476 91154.35002321367
132 91027.62424420721 90342.43904106852 90538.5947740822 89502.74027575094 93169.68123500944 91893.65698918962 91060.79917929256 91769.02958852783 92690.98946071455 90287.77215558379 91228.33269434267
133 90818.76705904608 90609.23268800811 90438.72324567418 89488.92583807312 93554.2216566723 92049.86340967935 91286.75373350385 91718.1804788636 92549.30495387015 90690.18024410936 91320.41533075001
134 90054.81395431176 90501.5360381271 90344.04142869331 89004.47949814147 93562.77380141175 92220.00889187824 91490.3200823471 91733.68055386517 92247.37953531169 90449.0278277258 91160.80616118135
135 89882.46584565508 90794.56400125979 90751.75247020552 88964.76627829453 93673.99393268378 91935.64186095312 91508.61891111989 91302.11076010413 92389.71435104948 90971.83227477597 91217.54606861013
136 89563.1007726747 90794.02291009045 90860.98992624196 89152.50622730449 93807.2165125301 91841.53133552388 91572.59683818351 91256.805320414 92074.67394392089 91107.43596980468 91203.08797566887
137 89936.71943773571 90486.44670736071 90817.64767465023 89276.38205945051 93704.3500446291 91691.5491572415 91672.90505102952 91312.77604862698 92435.45861761883 91302.90446128872 91263.71392596318
138 90047.32948713518 90446.48129692073 90902.18975858703 89741.8935187156 93447.75939983771 91942.93971912882 91686.17002030558 91335.20143157335 92350.26432841428 91087.25099039666 91298.74799510147
139 90053.19963473624 90370.79175784551 90934.88493070427 89625.33459123157 92889.23873851188 92269.76708691465 91653.84774858184 91620.08813714467 92397.82245255806 91145.95171275885 91296.09267909876
140 89927.92888170661 90315.33130132369 91128.6099730195 89989.55557431812 93467.88622428264 92272.27688942925 91360.40961173692 91873.92219667912 92761.15285038651 90513.36331001177 91361.04368128942
141 90071.39583467908 90332.25168498798 91163.46301462824 89791.55384015126 93360.44274814734 92195.23511680258 91224.39526579958 91881.04322083142 93034.84618480531 90510.30339523223 91356.4930306065
142 89998.93498251712 90270.89773603635 91241.97563715745 89400.32010241812 93502.56480332701 91893.149672584 91058.93663871179 91305.79984403843 92809.70051815626 90641.56478864924 91212.38447235958
143 89910.40615196509 90464.4151884425 91669.95613044665 89116.89168058308 93832.30832256153 91743.05592770818 91090.92985268618 91231.01915251341 92863.50890976265 90812.36319387471 91273.48545105438
144 89869.63996954163 90292.07976655004 91932.85290877265 89200.35053278631 93743.3360220603 91620.10762987014 91356.98386008418 91335.39508356614 92703.11610165208 91020.98990903646 91307.48517839199
145 89642.45864992941 90649.89655566758 91500.85409960759 88797.92676821815 93483.92599322276 91471.2049216325 91136.55631953938 91021.10637695841 92832.83620838862 90934.27326706013 91147.10391602245
146 89865.22980277835 90494.287841477 91346.44087038819 88933.55723267532 93468.1964709458 90978.4688778983 90990.12241360056 91180.24194678589 92732.84196016604 90540.9253235001 91053.03127402154
147 89778.3663770512 90346.56155797264 91469.66101446717 88733.93100905787 93045.73456655352 91084.63812869533 91141.44909869392 91345.91838152362 92579.77993033071 90425.08827491767 90995.11283392637
148 89920.95884098254 90298.63377478806 91867.30323448656 88632.91802166817 92716.82542522559 91162.79967723005 91204.24834499447 91962.0649355065 92611.19793085351 90103.28695689811 91048.02371426334
149 90231.4509066416 90043.0489565613 91938.82347249449 88671.59575400331 92689.02275800215 91197.42470031783 91321.83154449773 91732.7197084288 92595.00608434482 90007.11125861622 91042.80351439083
150 90607.85518494913 89924.07934399786 91642.80182626125 88700.95542552686 92575.202159204 90855.10306154033 91610.56011142788 91796.39567768741 92755.27998433079 90568.02052698175 91103.62533019073
151 90564.49730920479 89892.4470277622 91390.10516675391 88623.05004827867 92514.56173897776 90842.25095042311 91791.73365707966 91630.65189248101 92867.80119504924 90215.99526578757 91033.30942517979
152 90225.99457606356 89936.56883877845 91121.2932435447 88452.58847204303 92557.22239196299 91088.4040518529 91870.8681049026 91621.38886600413 92755.92366275363 90175.31423291957 90980.55664408256
153 90149.61134268208 89793.58493131267 91013.12532407831 88021.56607239871 93228.80534219106 90818.78269170555 92121.47346241977 91663.89750872744 92940.9507325777 90040.04700910361 90979.1844417197
154 90522.80250464118 90115.19453927867 91156.0071782657 87981.32062497536 93173.16281003325 91065.73143042294 92048.153484392 91654.8529478432 92685.95991540879 89870.06706221317 91027.32524974742
155 90306.65164592581 90320.4760441473 91298.23803933729 87908.81426258406 93094.14970914896 91186.88942178465 92316.89680581725 91482.74086233317 92813.65108186046 89921.56350589848 91065.00713788373
156 90373.48574935958 90645.28226001092 90873.94807777625 88161.8792936756 92917.37516847481 91336.85956486453 92627.60871251932 91358.10647743357 93004.70865877354 90028.19601746298 91132.74499803511
157 90034.10269757401 90727.089328554 90611.38291125804 88150.54314057367 92813.4247199058 91359.9842831119 92642.4914109474 91322.54219827108 93079.4812966275 89610.34357050245 91035.13855573258
158 90267.6855118126 90829.03148105068 90888.52377382338 88058.8851252722 92477.16837470267 91656.1782319406 92839.5492768555 91698.58442765525 93001.52936462215 89635.94307773147 91135.30786454666
159 90437.92742344984 90807.88368442771 91023.33487831605 88211.34823254394 92443.47587791031 92100.29381594875 92910.56374096917 91303.94311998368 93067.76685618801 89938.70564575783 91224.52432754953
160 90952.79860000905 90817.45902154957 90954.9081316586 87953.82130504107 92344.9966646203 92372.80468767922 92849.62263211823 91409.17769554761 93371.95788737878 89989.05834285945 91301.66049684619
161 91520.05931981675 90971.38718703933 90865.82447188506 87597.46590371146 92459.74399965977 92305.98810423914 93087.47726554169 91155.82326692659 93414.24847034072 89736.74949411882 91311.47674832793
162 91395.28790798357 90920.00933245629 90621.4039674873 87042.04264093038 92140.04414575794 92244.18294636165 92900.64914534398 91595.51444960227 93827.47091000123 89793.1942991168 91247.97997450414
163 91728.94779956424 91481.37720557922 90591.75660660485 87335.31675729669 91968.07650607583 92086.56056619594 92972.50660703093 91416.53268567625 93763.52121319508 89662.60081243778 91300.71967596568
164 91504.63674268353 91416.49819711952 90552.70174811366 87167.45455042837 92016.16185162107 92171.41666819414 92687.94324521016 91080.52724345162 93770.27583738373 89728.12285174688 91209.57389359528
165 91842.94736421829 91301.31256867001 90863.90545230258 86902.18921220939 92278.28982558355 92117.79251876654 91996.24236586498 91248.36349504521 93770.17357846895 90204.52506149528 91252.57414426249
166 91643.24675229998 91603.66615136374 91164.55508763451 86964.22137705857 92246.38241142873 91420.8690445061 92093.19671417473 91415.96719222196 93535.314939216 90028.92127326118 91211.63409431654
167 91855.90332836958 91783.03962481512 91219.98739539162 87083.95545566088 91929.58591444006 91544.12910241046 91908.25193865437 91766.83278411214 93601.53300621813 89370.61853016609 91206.38370802384
168 91999.26814307761 91570.49264343399 91007.62020662002 87156.32583789123 92098.87708892653 91571.42086602295 91888.16603459012 91785.12090486258 93557.98499740368 88924.57871588755 91155.98554387162
169 91843.76975927132 91809.98745745886 90883.39525340042 87255.63319527218 92136.70988145708 91470.59598095209 91979.16549167348 91664.657079942 93532.4813599015 89270.7104381959 91184.71058975249
170 91822.01217492459 91714.47625175917 90856.63783348381 87526.56062759615 92155.88724968405 91503.19223894515 91931.49421612166 91523.7111646246 93641.52110671638 89130.53493115882 91180.60277950142
171 91761.97656551913 91775.49072677629 91184.42018421221 87472.17759152091 92172.01506086126 91326.82471011502 91928.40974207038 91677.52679058975 93742.37888592733 89465.10165523524 91250.63219128276
172 91958.26325785342 91776.47368937598 91214.67351640138 87473.98784110781 92257.50766013327 91169.72247073104 92000.62688809291 91450.90522869657 93624.59971040397 89106.3605656804 91203.31208284767
173 91964.16468888496 91940.99573395756 91176.1294292901 87527.3267003107 92133.77701648751 90684.45468010077 91877.19456221825 91268.00772481972 93239.47180948386 89488.23470764418 91129.97570531975
174 91987.88963727759 92246.07395728973 90634.43806088877 87464.73896594379 92582.24974848707 90851.57914280213 91882.80028940119 91222.71155375006 93340.70083441057 89740.36038794153 91195.35425781927
175 92021.40771441796 92566.21009745056 90710.37782693024 87245.30658001707 92711.59047381516 90830.18491034223 91732.38120285385 91422.50062241926 93151.02944516041 89708.83218435614 91209.98210577629
176 92077.69066005881 92376.46905599035 90849.38726725354 87145.39454700101 92418.67257699164 90797.38417128444 91709.11841825621 91662.00465167289 93222.35304981265 89736.02531049168 91199.44997088131
177 92267.86691173623 92298.82806803266 91184.45710744787 87257.7016950485 92622.37367448444 90828.71244029772 91833.2851639885 91363.26872295534 93027.58406846355 89598.3985653497 91228.24764178044
178 92519.97887681282 92250.38354952467 90867.60787300575 87483.81346070593 92658.6416616106 90787.27904275457 91452.59768193089 91554.64610785732 93104.99157202557 89552.01020453431 91223.19500307624
179 93045.81768629588 92619.58343752637 90748.84845144558 87293.40778279542 92549.43733700241 90760.00276400169 91452.96674674776 91594.38882295504 92871.22726923643 90051.22773899921 91298.69080370058
180 92879.80686445403 93206.78742946954 90534.29287561945 87379.3280153989 92582.1772498692 90585.27919232124 91491.49417881573 91453.39329174878 92814.10255729136 90009.79199182794 91293.64536468162
181 92988.0151817759 93451.61909717774 90574.43605016047 87442.53432521134 92584.09792622691 90448.2743101429 91637.34322843087 91446.14157349762 93106.91631558716 89857.01299493648 91353.63910031471
182 92772.94301316948 93447.61455810926 90469.99234390882 87220.0921170255 92626.62899600882 90499.28323872943 91509.2230447996 91499.5278987373 93276.70596583429 90080.48700760407 91340.24981839267
183 92578.15598296863 93506.97942804286 90738.3342791362 87483.70408557236 92525.74839853178 90439.43049308477 91872.99740422313 91733.11493922812 93295.68728383057 90301.31481578169 91447.54671104
184 92462.96038672837 93071.71336228307 90702.00876159022 87726.74479723841 92612.59246940896 90652.71733482632 92270.56949310392 91902.2031120462 93258.3230895237 90276.7033374729 91493.65361442222
185 92056.61014187416 93219.65710608356 90457.41078204323 87233.33034336331 92647.65476412815 90428.97997799981 93225.78269979949 92477.06818536097 93239.56375987029 90414.24397146849 91540.03017319915
186 92145.49563435299 93300.92073279807 90573.91420090524 87468.64115951558 92565.75474658099 90513.44409828348 93525.2957899287 92565.26266840096 93175.0774275474 90638.09157393457 91647.1898032248
187 92326.08824061844 93179.17821700142 90518.87547997414 87687.88984501472 92938.84027364705 90410.22397395184 93608.03947420332 92848.25379412416 93088.40224740971 90777.00757604722 91738.2799121992
188 92448.62139311773 93279.77235057906 90731.58888550258 87785.85083336047 92884.13039581127 90308.93903339384 93690.45495118691 92817.80876634676 93105.42649950205 91068.74455972055 91812.13376685212
189 92283.78274878363 93444.36873870007 90773.61900850535 87698.01822299916 93576.1136848896 90273.02006035537 93661.14232189224 92953.26238386615 93226.91401146867 91058.81313196063 91894.90543134208
190 91640.60747291232 93493.39430739175 91071.04883792525 87827.18257398084 93463.88187808295 90449.2810520159 93738.38133186144 93256.64880398716 93309.11775816021 90997.40613918369 91924.69501555015
191 91482.74763477151 93552.05090424766 90974.19319845104 88127.253184352 93301.48976477004 90362.5439394303 93577.57138727931 93312.29835597862 92996.63989473018 91095.27540273947 91878.20636667502
192 91498.49418273613 93363.7947607074 91599.3310434784 88194.48198640667 93202.49787338033 90472.13187673986 93379.24963334751 93408.16599955069 92851.20411170107 90843.87471190831 91881.32261799564
193 91343.48334061228 93718.08112688649 91361.68173785153 88551.2961770785 93596.84916463066 90750.77916317324 93157.11052561793 93457.56526551383 92833.62080870684 91069.42241636246 91983.98897264338
194 91642.2900633654 94017.20851819884 91379.13281217772 88426.01571339928 93549.80097458574 90498.01636347314 93410.82397086272 93657.00968011362 92646.28431059416 90836.23480014926 92006.28172069197
195 91529.1728305509 94003.95005702182 91204.40854470473 88441.216948956 93342.02239343278 90392.59416262178 93543.49095171616 93400.15827652845 92792.69996138803 90816.6532910087 91946.63674179294
196 91325.85545540797 93809.91705824713 91204.71151243943 88508.94879366325 93282.25289350704 90419.7061820292 93054.21407621693 93249.87590989136 92689.0567662223 90932.97372763015 91847.75123752547
197 91513.47503357498 94025.30608100575 90694.71347876683 88428.81886666799 93404.30881454771 90520.7346397502 93170.1647392949 93242.0722100307 92774.60222538764 91177.99839923499 91895.21944882617
198 91565.35567021354 94049.87767117238 90655.95844398788 88354.4783491861 93753.78374806662 90352.73193723353 92710.31407594013 92940.7448792819 92917.71036165935 91219.88307511862 91852.08382118601
199 91520.81946062464 93860.84818270548 90661.72514502628 88804.67731955623 94152.19444385784 90305.50493959743 92665.30819829195 92794.01668890579 92621.53967825945 91235.8806638104 91862.25147206354

generation# Run#1.BFS Run#2.BFS Run#3.BFS Run#4.BFS Run#5.BFS Run#6.BFS Run#7.BFS Run#8.BFS Run#9.BFS Run#10.BFS Average.BFS
0 84349.29385558501 85789.6758160672 87080.89055143349 85103.58117407457 84099.91190533637 84818.73246545384 86357.25940202612 86537.05929245816 86569.48910669175 86197.52129555508 85690.34148646815
1 84349.29385558501 85789.6758160672 87080.89055143349 85103.58117407457 84099.91190533637 84580.24555060023 86357.25940202612 85917.84583232879 86569.48910669175 86197.52129555508 85604.57144896986
2 84349.29385558501 85789.6758160672 87080.89055143349 85103.58117407457 84099.91190533637 84580.24555060023 86357.25940202612 85917.84583232879 86569.48910669175 86197.52129555508 85604.57144896986
3 84349.29385558501 85789.6758160672 87080.89055143349 85103.58117407457 84099.91190533637 84580.24555060023 86357.25940202612 85917.84583232879 85209.59528365755 86197.52129555508 85468.58206666644
4 84349.29385558501 85789.6758160672 81689.74103104357 85103.58117407457 84099.91190533637 84580.24555060023 86357.25940202612 85917.84583232879 85209.59528365755 86197.52129555508 84929.46711462745
5 84349.29385558501 85789.6758160672 81689.74103104357 85103.58117407457 84099.91190533637 84580.24555060023 84394.475954268 85917.84583232879 85209.59528365755 86197.52129555508 84733.18876985162
6 84349.29385558501 85789.6758160672 81689.74103104357 85103.58117407457 84099.91190533637 84580.24555060023 84394.475954268 85917.84583232879 85209.59528365755 86197.52129555508 84733.18876985162
7 84349.29385558501 85789.6758160672 81689.74103104357 85103.58117407457 84099.91190533637 84580.24555060023 82954.2107154069 85917.84583232879 85209.59528365755 86197.52129555508 84589.16224596552
8 84349.29385558501 85789.6758160672 81689.74103104357 85103.58117407457 84099.91190533637 84580.24555060023 82954.2107154069 85501.44342172495 85209.59528365755 86197.52129555508 84547.52200490513
9 84349.29385558501 85789.6758160672 81689.74103104357 85103.58117407457 84099.91190533637 84580.24555060023 82954.2107154069 85501.44342172495 85209.59528365755 86197.52129555508 84547.52200490513
10 84349.29385558501 85789.6758160672 81689.74103104357 85103.58117407457 83152.88857714972 84580.24555060023 82954.2107154069 85501.44342172495 85209.59528365755 86197.52129555508 84452.81967208648
11 84349.29385558501 84573.38390160071 81689.74103104357 85103.58117407457 83152.88857714972 84580.24555060023 82954.2107154069 85501.44342172495 85209.59528365755 86197.52129555508 84331.19048063982
12 83904.16760113611 84435.11779103072 81689.74103104357 85103.58117407457 83152.88857714972 84580.24555060023 82954.2107154069 85501.44342172495 85209.59528365755 85418.89189042198 84194.98830362463
13 83904.16760113611 84435.11779103072 81689.74103104357 85103.58117407457 83152.88857714972 84066.4654707765 82954.2107154069 85501.44342172495 85209.59528365755 85418.89189042198 84143.61029564225
14 83904.16760113611 84435.11779103072 81689.74103104357 85103.58117407457 83152.88857714972 84066.4654707765 82954.2107154069 85501.44342172495 85209.59528365755 85418.89189042198 84143.61029564225
15 83904.16760113611 84435.11779103072 81689.74103104357 85103.58117407457 83152.88857714972 84066.4654707765 82954.2107154069 85501.44342172495 85110.3596956971 85418.89189042198 84133.6867368462
16 83904.16760113611 84435.11779103072 81689.74103104357 85103.58117407457 83152.88857714972 84066.4654707765 82954.2107154069 85501.44342172495 84774.49303056557 85418.89189042198 84100.10007033305
17 83904.16760113611 84435.11779103072 81689.74103104357 85103.58117407457 83152.88857714972 84066.4654707765 82954.2107154069 85501.44342172495 84001.71705342765 85418.89189042198 84022.82247261927
18 83904.16760113611 84435.11779103072 81689.74103104357 85103.58117407457 83152.88857714972 84066.4654707765 82954.2107154069 85501.44342172495 84001.71705342765 85418.89189042198 84022.82247261927
19 83904.16760113611 84435.11779103072 81689.74103104357 85103.58117407457 83152.88857714972 84066.4654707765 82954.2107154069 85501.44342172495 84001.71705342765 85418.89189042198 84022.82247261927
20 83904.16760113611 84435.11779103072 81689.74103104357 85103.58117407457 83152.88857714972 84066.4654707765 82954.2107154069 85501.44342172495 84001.71705342765 85418.89189042198 84022.82247261927
21 83904.16760113611 84435.11779103072 81689.74103104357 85103.58117407457 83152.88857714972 84066.4654707765 82954.2107154069 85501.44342172495 84001.71705342765 85418.89189042198 84022.82247261927
22 83904.16760113611 84435.11779103072 81689.74103104357 85103.58117407457 83152.88857714972 84066.4654707765 82954.2107154069 85501.44342172495 84001.71705342765 85418.89189042198 84022.82247261927
23 83904.16760113611 84435.11779103072 81689.74103104357 85103.58117407457 83152.88857714972 84066.4654707765 82954.2107154069 85501.44342172495 84001.71705342765 85418.89189042198 84022.82247261927
24 83904.16760113611 83445.17178852043 81689.74103104357 85103.58117407457 83152.88857714972 84066.4654707765 82954.2107154069 85501.44342172495 84001.71705342765 85418.89189042198 83923.82787236823
25 83904.16760113611 83445.17178852043 81689.74103104357 85103.58117407457 83152.88857714972 84066.4654707765 82954.2107154069 85501.44342172495 84001.71705342765 85418.89189042198 83923.82787236823
26 83904.16760113611 83445.17178852043 81689.74103104357 85103.58117407457 83152.88857714972 84017.67180851073 82954.2107154069 85501.44342172495 84001.71705342765 85418.89189042198 83918.94850614166
27 83904.16760113611 83445.17178852043 81689.74103104357 85103.58117407457 83152.88857714972 84017.67180851073 82954.2107154069 85501.44342172495 84001.71705342765 85418.89189042198 83918.94850614166
28 83904.16760113611 83445.17178852043 81689.74103104357 85103.58117407457 83152.88857714972 84017.67180851073 82954.2107154069 85501.44342172495 82769.42924623066 85418.89189042198 83795.71972542195
29 83904.16760113611 83445.17178852043 81689.74103104357 85103.58117407457 83152.88857714972 84017.67180851073 82954.2107154069 85501.44342172495 82324.22185369562 85418.89189042198 83751.19898616846
30 83904.16760113611 83445.17178852043 81689.74103104357 85103.58117407457 83152.88857714972 84017.67180851073 82954.2107154069 85501.44342172495 82324.22185369562 85283.064097967 83737.61620692295
31 83904.16760113611 83445.17178852043 81689.74103104357 85103.58117407457 83152.88857714972 84017.67180851073 82954.2107154069 85501.44342172495 81413.5329980297 85283.064097967 83646.54732135637
32 83904.16760113611 83445.17178852043 81689.74103104357 85103.58117407457 83152.88857714972 84017.67180851073 82954.2107154069 85501.44342172495 81413.5329980297 85283.064097967 83646.54732135637
33 83904.16760113611 83445.17178852043 81689.74103104357 85103.58117407457 83152.88857714972 84017.67180851073 82954.2107154069 85501.44342172495 81413.5329980297 85283.064097967 83646.54732135637
34 83904.16760113611 83445.17178852043 81689.74103104357 85103.58117407457 83152.88857714972 84017.67180851073 82954.2107154069 85501.44342172495 81413.5329980297 85283.064097967 83646.54732135637
35 83904.16760113611 83445.17178852043 81689.74103104357 85103.58117407457 83152.88857714972 84017.67180851073 82954.2107154069 84329.29629599536 81413.5329980297 85283.064097967 83529.33260878341
36 83904.16760113611 83445.17178852043 81689.74103104357 85103.58117407457 83152.88857714972 84017.67180851073 82954.2107154069 84329.29629599536 81413.5329980297 85283.064097967 83529.33260878341
37 83904.16760113611 83445.17178852043 81689.74103104357 85103.58117407457 83152.88857714972 84017.67180851073 82954.2107154069 84329.29629599536 81413.5329980297 85283.064097967 83529.33260878341
38 83904.16760113611 83445.17178852043 81689.74103104357 85103.58117407457 83152.88857714972 84017.67180851073 82954.2107154069 84329.29629599536 81413.5329980297 85283.064097967 83529.33260878341
39 83904.16760113611 83445.17178852043 81689.74103104357 85103.58117407457 83152.88857714972 84017.67180851073 82954.2107154069 84329.29629599536 81413.5329980297 85283.064097967 83529.33260878341
40 83904.16760113611 83445.17178852043 81689.74103104357 85103.58117407457 83152.88857714972 84017.67180851073 82954.2107154069 84329.29629599536 81413.5329980297 85283.064097967 83529.33260878341
41 83904.16760113611 83445.17178852043 81689.74103104357 85103.58117407457 83152.88857714972 84017.67180851073 82954.2107154069 84329.29629599536 81413.5329980297 85283.064097967 83529.33260878341
42 83904.16760113611 83445.17178852043 81689.74103104357 85103.58117407457 83152.88857714972 84017.67180851073 82954.2107154069 84329.29629599536 81413.5329980297 85283.064097967 83529.33260878341
43 83904.16760113611 83445.17178852043 81689.74103104357 85103.58117407457 83152.88857714972 84017.67180851073 82954.2107154069 84329.29629599536 81413.5329980297 85283.064097967 83529.33260878341
44 83904.16760113611 83445.17178852043 81689.74103104357 85103.58117407457 83152.88857714972 84017.67180851073 82954.2107154069 84329.29629599536 81413.5329980297 85283.064097967 83529.33260878341
45 83904.16760113611 83445.17178852043 81689.74103104357 85103.58117407457 83152.88857714972 84017.67180851073 82954.2107154069 84329.29629599536 81413.5329980297 85283.064097967 83529.33260878341
46 83904.16760113611 83445.17178852043 81689.74103104357 85103.58117407457 83152.88857714972 84017.67180851073 82954.2107154069 84329.29629599536 81413.5329980297 85283.064097967 83529.33260878341
47 83904.16760113611 83445.17178852043 81689.74103104357 85103.58117407457 83152.88857714972 84017.67180851073 82954.2107154069 84329.29629599536 81413.5329980297 85283.064097967 83529.33260878341
48 83904.16760113611 83445.17178852043 81689.74103104357 85103.58117407457 83152.88857714972 84017.67180851073 82954.2107154069 84329.29629599536 81413.5329980297 85283.064097967 83529.33260878341
49 83904.16760113611 83335.47549132354 81689.74103104357 85103.58117407457 83152.88857714972 84017.67180851073 82954.2107154069 84329.29629599536 81413.5329980297 85283.064097967 83518.36297906372
50 83904.16760113611 83335.47549132354 81689.74103104357 85103.58117407457 83152.88857714972 84017.67180851073 82954.2107154069 84329.29629599536 81413.5329980297 85283.064097967 83518.36297906372
51 83904.16760113611 83335.47549132354 81689.74103104357 85103.58117407457 83152.88857714972 84017.67180851073 82954.2107154069 84329.29629599536 81413.5329980297 85283.064097967 83518.36297906372
52 83904.16760113611 81477.46452558783 81689.74103104357 85103.58117407457 83152.88857714972 84017.67180851073 82954.2107154069 84329.29629599536 81413.5329980297 85283.064097967 83332.56188249015
53 83070.97465878833 81477.46452558783 81689.74103104357 85103.58117407457 83152.88857714972 84017.67180851073 82954.2107154069 84329.29629599536 81413.5329980297 85283.064097967 83249.24258825537
54 83070.97465878833 81477.46452558783 81689.74103104357 85103.58117407457 83152.88857714972 84017.67180851073 82954.2107154069 84329.29629599536 81413.5329980297 85283.064097967 83249.24258825537
55 83070.97465878833 81477.46452558783 81689.74103104357 85103.58117407457 83152.88857714972 84017.67180851073 82954.2107154069 84329.29629599536 81413.5329980297 85283.064097967 83249.24258825537
56 83070.97465878833 81477.46452558783 81689.74103104357 85103.58117407457 83152.88857714972 84017.67180851073 82305.62214924896 84329.29629599536 81413.5329980297 85283.064097967 83184.38373163958
57 83070.97465878833 81477.46452558783 81689.74103104357 85103.58117407457 83152.88857714972 84017.67180851073 82305.62214924896 84329.29629599536 81413.5329980297 85283.064097967 83184.38373163958
58 83070.97465878833 81477.46452558783 81689.74103104357 85103.58117407457 83152.88857714972 84017.67180851073 82305.62214924896 84329.29629599536 81413.5329980297 85283.064097967 83184.38373163958
59 83070.97465878833 81477.46452558783 81689.74103104357 85103.58117407457 83152.88857714972 84017.67180851073 82305.62214924896 84329.29629599536 81413.5329980297 85283.064097967 83184.38373163958
60 83070.97465878833 81477.46452558783 81689.74103104357 85103.58117407457 83152.88857714972 84017.67180851073 82305.62214924896 84329.29629599536 81413.5329980297 85283.064097967 83184.38373163958
61 83070.97465878833 81477.46452558783 81689.74103104357 85103.58117407457 83152.88857714972 84017.67180851073 82305.62214924896 84329.29629599536 81413.5329980297 85283.064097967 83184.38373163958
62 83070.97465878833 81477.46452558783 81689.74103104357 85103.58117407457 83152.88857714972 84017.67180851073 82305.62214924896 84329.29629599536 81413.5329980297 85283.064097967 83184.38373163958
63 83070.97465878833 80720.00511955186 81689.74103104357 85103.58117407457 83152.88857714972 84017.67180851073 82305.62214924896 84329.29629599536 81413.5329980297 85283.064097967 83108.63779103599
64 83070.97465878833 80720.00511955186 81689.74103104357 85103.58117407457 83152.88857714972 84017.67180851073 82305.62214924896 84329.29629599536 81413.5329980297 85283.064097967 83108.63779103599
65 83070.97465878833 80720.00511955186 81689.74103104357 85103.58117407457 83152.88857714972 84017.67180851073 82249.93070461 84329.29629599536 81413.5329980297 85283.064097967 83103.0686465721
66 83070.97465878833 80720.00511955186 81689.74103104357 85103.58117407457 83152.88857714972 84017.67180851073 82249.93070461 84329.29629599536 81413.5329980297 85283.064097967 83103.0686465721
67 83070.97465878833 80720.00511955186 81689.74103104357 85103.58117407457 83152.88857714972 84017.67180851073 82249.93070461 84329.29629599536 81413.5329980297 85283.064097967 83103.0686465721
68 83070.97465878833 80720.00511955186 81689.74103104357 85103.58117407457 83152.88857714972 84017.67180851073 82249.93070461 84329.29629599536 81413.5329980297 85283.064097967 83103.0686465721
69 83070.97465878833 80720.00511955186 81689.74103104357 85103.58117407457 83152.88857714972 84017.67180851073 82249.93070461 84329.29629599536 81413.5329980297 85283.064097967 83103.0686465721
70 83070.97465878833 80720.00511955186 81689.74103104357 85103.58117407457 83152.88857714972 84017.67180851073 82249.93070461 84329.29629599536 81413.5329980297 85283.064097967 83103.0686465721
71 83070.97465878833 80720.00511955186 81689.74103104357 85103.58117407457 83152.88857714972 84017.67180851073 82249.93070461 84329.29629599536 81413.5329980297 85283.064097967 83103.0686465721
72 83070.97465878833 80720.00511955186 81689.74103104357 84167.39079150572 83152.88857714972 84017.67180851073 82249.93070461 84329.29629599536 81413.5329980297 85283.064097967 83009.4496083152
73 83070.97465878833 80720.00511955186 81689.74103104357 84167.39079150572 83152.88857714972 84017.67180851073 82249.93070461 84329.29629599536 81413.5329980297 85283.064097967 83009.4496083152
74 83070.97465878833 80720.00511955186 81689.74103104357 84167.39079150572 83152.88857714972 84017.67180851073 82249.93070461 84329.29629599536 81413.5329980297 85283.064097967 83009.4496083152
75 83070.97465878833 80720.00511955186 81689.74103104357 84167.39079150572 83152.88857714972 84017.67180851073 82249.93070461 84329.29629599536 81413.5329980297 85283.064097967 83009.4496083152
76 83070.97465878833 80720.00511955186 81689.74103104357 84167.39079150572 83152.88857714972 84017.67180851073 82249.93070461 84329.29629599536 81413.5329980297 85283.064097967 83009.4496083152
77 83070.97465878833 80720.00511955186 81689.74103104357 84167.39079150572 83152.88857714972 84017.67180851073 82249.93070461 84329.29629599536 81413.5329980297 85283.064097967 83009.4496083152
78 83070.97465878833 80720.00511955186 81689.74103104357 84167.39079150572 83152.88857714972 84017.67180851073 82249.93070461 84329.29629599536 81413.5329980297 85283.064097967 83009.4496083152
79 83070.97465878833 80720.00511955186 81689.74103104357 84167.39079150572 83152.88857714972 84017.67180851073 82249.93070461 84329.29629599536 81413.5329980297 85283.064097967 83009.4496083152
80 83070.97465878833 80720.00511955186 81689.74103104357 84167.39079150572 83152.88857714972 84017.67180851073 82249.93070461 84329.29629599536 81413.5329980297 85283.064097967 83009.4496083152
81 83070.97465878833 80720.00511955186 81689.74103104357 84167.39079150572 83152.88857714972 84017.67180851073 82249.93070461 84329.29629599536 81413.5329980297 85283.064097967 83009.4496083152
82 83070.97465878833 80720.00511955186 81689.74103104357 84148.42763004742 83152.88857714972 84017.67180851073 82249.93070461 84329.29629599536 81413.5329980297 85283.064097967 83007.55329216938
83 83070.97465878833 80720.00511955186 81689.74103104357 83615.77472555324 83152.88857714972 84017.67180851073 82249.93070461 84329.29629599536 81413.5329980297 85283.064097967 82954.28800171995
84 83070.97465878833 80720.00511955186 81689.74103104357 83615.77472555324 83152.88857714972 84017.67180851073 82249.93070461 84329.29629599536 81413.5329980297 85283.064097967 82954.28800171995
85 83070.97465878833 80720.00511955186 81689.74103104357 83615.77472555324 83152.88857714972 84017.67180851073 82249.93070461 84329.29629599536 81413.5329980297 85283.064097967 82954.28800171995
86 83070.97465878833 80720.00511955186 81689.74103104357 83615.77472555324 83152.88857714972 84017.67180851073 82249.93070461 84329.29629599536 81413.5329980297 85283.064097967 82954.28800171995
87 83070.97465878833 80720.00511955186 81689.74103104357 83615.77472555324 83152.88857714972 84017.67180851073 82249.93070461 84329.29629599536 81413.5329980297 85283.064097967 82954.28800171995
88 83070.97465878833 80720.00511955186 81689.74103104357 83615.77472555324 83152.88857714972 84017.67180851073 82249.93070461 84329.29629599536 81413.5329980297 85283.064097967 82954.28800171995
89 83070.97465878833 80720.00511955186 81689.74103104357 83615.77472555324 83152.88857714972 84017.67180851073 82249.93070461 84329.29629599536 81413.5329980297 84928.22924841505 82918.80451676477
90 83070.97465878833 80720.00511955186 81689.74103104357 83615.77472555324 83152.88857714972 84017.67180851073 82249.93070461 84329.29629599536 81413.5329980297 84928.22924841505 82918.80451676477
91 83070.97465878833 80720.00511955186 81689.74103104357 83615.77472555324 83152.88857714972 84017.67180851073 82249.93070461 84329.29629599536 81413.5329980297 84928.22924841505 82918.80451676477
92 83070.97465878833 80720.00511955186 81689.74103104357 83615.77472555324 83152.88857714972 84017.67180851073 82249.93070461 84329.29629599536 81413.5329980297 84928.22924841505 82918.80451676477
93 83070.97465878833 80720.00511955186 81689.74103104357 83615.77472555324 83152.88857714972 84017.67180851073 82249.93070461 84329.29629599536 81413.5329980297 84928.22924841505 82918.80451676477
94 83070.97465878833 80720.00511955186 81689.74103104357 83615.77472555324 83152.88857714972 84017.67180851073 82249.93070461 84329.29629599536 81413.5329980297 81688.2382070813 82594.8054126314
95 83070.97465878833 80720.00511955186 81689.74103104357 83615.77472555324 83152.88857714972 84017.67180851073 82249.93070461 84329.29629599536 81413.5329980297 81214.3636001925 82547.41795194251
96 83043.64978842002 80720.00511955186 81689.74103104357 83615.77472555324 83152.88857714972 84017.67180851073 82249.93070461 84329.29629599536 81413.5329980297 81214.3636001925 82544.68546490566
97 83043.64978842002 80720.00511955186 81689.74103104357 83097.86818189322 83152.88857714972 84017.67180851073 82249.93070461 84329.29629599536 81413.5329980297 81214.3636001925 82492.89481053967
98 83043.64978842002 80720.00511955186 81689.74103104357 83097.86818189322 83152.88857714972 84017.67180851073 82249.93070461 84329.29629599536 81413.5329980297 81214.3636001925 82492.89481053967
99 83043.64978842002 80720.00511955186 81689.74103104357 83097.86818189322 83152.88857714972 84017.67180851073 82249.93070461 84329.29629599536 81413.5329980297 81214.3636001925 82492.89481053967
100 83043.64978842002 80720.00511955186 81689.74103104357 83097.86818189322 83152.88857714972 84017.67180851073 82249.93070461 84329.29629599536 81413.5329980297 81214.3636001925 82492.89481053967
101 82854.04449638134 80720.00511955186 81689.74103104357 83097.86818189322 83152.88857714972 84017.67180851073 82249.93070461 84329.29629599536 81413.5329980297 81214.3636001925 82473.93428133581
102 82854.04449638134 80720.00511955186 81689.74103104357 83097.86818189322 83152.88857714972 84017.67180851073 82249.93070461 84329.29629599536 81413.5329980297 81214.3636001925 82473.93428133581
103 82854.04449638134 80720.00511955186 81689.74103104357 83097.86818189322 83152.88857714972 84017.67180851073 82249.93070461 84329.29629599536 81413.5329980297 81214.3636001925 82473.93428133581
104 82854.04449638134 80720.00511955186 81689.74103104357 83097.86818189322 83152.88857714972 84017.67180851073 82249.93070461 84329.29629599536 81413.5329980297 81214.3636001925 82473.93428133581
105 82854.04449638134 80720.00511955186 81689.74103104357 83097.86818189322 83152.88857714972 84017.67180851073 82249.93070461 84329.29629599536 81413.5329980297 81214.3636001925 82473.93428133581
106 82854.04449638134 80720.00511955186 81689.74103104357 83097.86818189322 83152.88857714972 84017.67180851073 82249.93070461 84329.29629599536 81413.5329980297 81214.3636001925 82473.93428133581
107 82854.04449638134 80720.00511955186 81689.74103104357 83097.86818189322 83152.88857714972 84017.67180851073 82249.93070461 84329.29629599536 81413.5329980297 81214.3636001925 82473.93428133581
108 82854.04449638134 80720.00511955186 81689.74103104357 83097.86818189322 83152.88857714972 84017.67180851073 82249.93070461 84329.29629599536 81413.5329980297 81214.3636001925 82473.93428133581
109 82854.04449638134 80720.00511955186 81689.74103104357 83097.86818189322 83152.88857714972 84017.67180851073 82249.93070461 84329.29629599536 81413.5329980297 81214.3636001925 82473.93428133581
110 82854.04449638134 80720.00511955186 81689.74103104357 82112.87699752359 83152.88857714972 84017.67180851073 82249.93070461 84329.29629599536 81413.5329980297 81214.3636001925 82375.43516289884
111 82854.04449638134 80720.00511955186 81689.74103104357 82112.87699752359 83152.88857714972 84017.67180851073 82249.93070461 84329.29629599536 81413.5329980297 81214.3636001925 82375.43516289884
112 82854.04449638134 80720.00511955186 81689.74103104357 82112.87699752359 83152.88857714972 84017.67180851073 82249.93070461 84329.29629599536 81413.5329980297 81214.3636001925 82375.43516289884
113 82854.04449638134 80720.00511955186 81689.74103104357 82112.87699752359 83152.88857714972 84017.67180851073 82249.93070461 84329.29629599536 81413.5329980297 81214.3636001925 82375.43516289884
114 82854.04449638134 80720.00511955186 81689.74103104357 82112.87699752359 83152.88857714972 84017.67180851073 82249.93070461 84329.29629599536 81413.5329980297 81214.3636001925 82375.43516289884
115 82854.04449638134 80720.00511955186 81689.74103104357 82112.87699752359 83152.88857714972 84017.67180851073 82249.93070461 84329.29629599536 81413.5329980297 81214.3636001925 82375.43516289884
116 81130.12704514133 80720.00511955186 81689.74103104357 82112.87699752359 83152.88857714972 84017.67180851073 82249.93070461 84329.29629599536 81413.5329980297 81214.3636001925 82203.04341777484
117 80438.88211438585 80720.00511955186 81689.74103104357 82112.87699752359 83152.88857714972 84017.67180851073 82249.93070461 84329.29629599536 81413.5329980297 81214.3636001925 82133.91892469928
118 80438.88211438585 80720.00511955186 81689.74103104357 82112.87699752359 83152.88857714972 84017.67180851073 82249.93070461 84329.29629599536 81413.5329980297 81214.3636001925 82133.91892469928
119 80438.88211438585 80720.00511955186 81689.74103104357 82112.87699752359 83152.88857714972 84017.67180851073 82249.93070461 84329.29629599536 81413.5329980297 81214.3636001925 82133.91892469928
120 80438.88211438585 80720.00511955186 81689.74103104357 82112.87699752359 81835.18359148997 84017.67180851073 82249.93070461 84131.5383435629 81413.5329980297 81214.3636001925 81982.37263089007
121 80438.88211438585 80720.00511955186 81689.74103104357 81767.76430583054 81835.18359148997 84017.67180851073 82249.93070461 84131.5383435629 81413.5329980297 81214.3636001925 81947.86136172074
122 80438.88211438585 80720.00511955186 81689.74103104357 81767.76430583054 81835.18359148997 84017.67180851073 82249.93070461 84131.5383435629 81413.5329980297 80629.2745480486 81889.35245650637
123 80438.88211438585 80720.00511955186 81689.74103104357 81767.76430583054 81835.18359148997 84017.67180851073 82249.93070461 84131.5383435629 81413.5329980297 80629.2745480486 81889.35245650637
124 80438.88211438585 80720.00511955186 81689.74103104357 81767.76430583054 81835.18359148997 84017.67180851073 82249.93070461 84131.5383435629 81413.5329980297 80629.2745480486 81889.35245650637
125 80438.88211438585 80720.00511955186 81689.74103104357 81767.76430583054 81835.18359148997 84017.67180851073 82249.93070461 84131.5383435629 81413.5329980297 80629.2745480486 81889.35245650637
126 80438.88211438585 80720.00511955186 81689.74103104357 81767.76430583054 81835.18359148997 84017.67180851073 82249.93070461 84131.5383435629 81413.5329980297 80629.2745480486 81889.35245650637
127 80438.88211438585 80720.00511955186 81689.74103104357 81767.76430583054 81835.18359148997 84017.67180851073 82249.93070461 84131.5383435629 81413.5329980297 80629.2745480486 81889.35245650637
128 80438.88211438585 80720.00511955186 81689.74103104357 81767.76430583054 81835.18359148997 84017.67180851073 82249.93070461 84131.5383435629 81413.5329980297 80629.2745480486 81889.35245650637
129 80438.88211438585 80720.00511955186 81689.74103104357 81767.76430583054 81835.18359148997 84017.67180851073 82249.93070461 83903.98086053623 81413.5329980297 80629.2745480486 81866.5967082037
130 80438.88211438585 80720.00511955186 81689.74103104357 81767.76430583054 81835.18359148997 84017.67180851073 82249.93070461 83903.98086053623 81413.5329980297 80629.2745480486 81866.5967082037
131 80438.88211438585 80720.00511955186 81689.74103104357 81767.76430583054 81835.18359148997 84017.67180851073 82249.93070461 83903.98086053623 81413.5329980297 80629.2745480486 81866.5967082037
132 80438.88211438585 80720.00511955186 81689.74103104357 81767.76430583054 81835.18359148997 84017.67180851073 82249.93070461 83903.98086053623 81413.5329980297 80629.2745480486 81866.5967082037
133 80438.88211438585 80720.00511955186 81689.74103104357 81767.76430583054 81835.18359148997 84017.67180851073 82249.93070461 83903.98086053623 81413.5329980297 80629.2745480486 81866.5967082037
134 80438.88211438585 80720.00511955186 81689.74103104357 81767.76430583054 81835.18359148997 84017.67180851073 82249.93070461 83903.98086053623 81413.5329980297 80629.2745480486 81866.5967082037
135 80438.88211438585 80720.00511955186 81689.74103104357 80448.96141502848 81835.18359148997 84017.67180851073 82249.93070461 83903.98086053623 81413.5329980297 80629.2745480486 81734.71641912349
136 80438.88211438585 80720.00511955186 81689.74103104357 80448.96141502848 81835.18359148997 84017.67180851073 82249.93070461 83903.98086053623 81413.5329980297 80629.2745480486 81734.71641912349
137 80438.88211438585 80720.00511955186 81689.74103104357 80448.96141502848 81835.18359148997 84017.67180851073 82249.93070461 83903.98086053623 81413.5329980297 80629.2745480486 81734.71641912349
138 80438.88211438585 80720.00511955186 81689.74103104357 80448.96141502848 81835.18359148997 84017.67180851073 82249.93070461 83903.98086053623 81413.5329980297 80629.2745480486 81734.71641912349
139 80438.88211438585 80720.00511955186 81689.74103104357 80448.96141502848 81835.18359148997 84017.67180851073 82249.93070461 83903.98086053623 81413.5329980297 80629.2745480486 81734.71641912349
140 80438.88211438585 80720.00511955186 81689.74103104357 80448.96141502848 81835.18359148997 84017.67180851073 82249.93070461 83903.98086053623 81413.5329980297 80629.2745480486 81734.71641912349
141 80438.88211438585 80720.00511955186 81689.74103104357 80448.96141502848 81835.18359148997 84017.67180851073 82249.93070461 83903.98086053623 81413.5329980297 80629.2745480486 81734.71641912349
142 80438.88211438585 80720.00511955186 81689.74103104357 80448.96141502848 81835.18359148997 84017.67180851073 82249.93070461 83903.98086053623 81413.5329980297 80629.2745480486 81734.71641912349
143 80438.88211438585 80720.00511955186 81689.74103104357 80448.96141502848 81835.18359148997 84017.67180851073 82249.93070461 83903.98086053623 81413.5329980297 80629.2745480486 81734.71641912349
144 80438.88211438585 80720.00511955186 81689.74103104357 80448.96141502848 81835.18359148997 84017.67180851073 82249.93070461 83903.98086053623 81413.5329980297 80629.2745480486 81734.71641912349
145 80438.88211438585 80720.00511955186 81689.74103104357 80448.96141502848 81835.18359148997 84017.67180851073 82249.93070461 83903.98086053623 81413.5329980297 80629.2745480486 81734.71641912349
146 80438.88211438585 80720.00511955186 81689.74103104357 80448.96141502848 81835.18359148997 84017.67180851073 82249.93070461 83903.98086053623 81413.5329980297 80629.2745480486 81734.71641912349
147 80438.88211438585 80720.00511955186 81689.74103104357 80448.96141502848 81835.18359148997 83902.02808214686 82249.93070461 83903.98086053623 81413.5329980297 80629.2745480486 81723.15204648711
148 80438.88211438585 80720.00511955186 81689.74103104357 80448.96141502848 81835.18359148997 83902.02808214686 82249.93070461 83903.98086053623 81413.5329980297 80629.2745480486 81723.15204648711
149 80438.88211438585 80720.00511955186 81689.74103104357 80448.96141502848 81835.18359148997 83902.02808214686 82249.93070461 83903.98086053623 81413.5329980297 80629.2745480486 81723.15204648711
150 80438.88211438585 80720.00511955186 81689.74103104357 80448.96141502848 81835.18359148997 83902.02808214686 82249.93070461 83903.98086053623 81413.5329980297 80629.2745480486 81723.15204648711
151 80438.88211438585 80720.00511955186 81689.74103104357 80448.96141502848 81835.18359148997 83902.02808214686 82249.93070461 83903.98086053623 81413.5329980297 80629.2745480486 81723.15204648711
152 80438.88211438585 80720.00511955186 81689.74103104357 80448.96141502848 81835.18359148997 83902.02808214686 82249.93070461 83903.98086053623 81413.5329980297 80629.2745480486 81723.15204648711
153 80438.88211438585 80720.00511955186 81689.74103104357 80448.96141502848 81835.18359148997 83902.02808214686 82249.93070461 83903.98086053623 81413.5329980297 80629.2745480486 81723.15204648711
154 80438.88211438585 80720.00511955186 81689.74103104357 80448.96141502848 81835.18359148997 83902.02808214686 82249.93070461 83903.98086053623 81413.5329980297 80629.2745480486 81723.15204648711
155 80438.88211438585 80720.00511955186 81689.74103104357 80448.96141502848 81835.18359148997 83902.02808214686 82249.93070461 83903.98086053623 81413.5329980297 80629.2745480486 81723.15204648711
156 80438.88211438585 80720.00511955186 81689.74103104357 80448.96141502848 81835.18359148997 83902.02808214686 82249.93070461 83903.98086053623 81413.5329980297 80629.2745480486 81723.15204648711
157 80438.88211438585 80720.00511955186 81689.74103104357 80448.96141502848 81835.18359148997 83902.02808214686 82249.93070461 83903.98086053623 81413.5329980297 80629.2745480486 81723.15204648711
158 80438.88211438585 80720.00511955186 81689.74103104357 80448.96141502848 81835.18359148997 83902.02808214686 82249.93070461 83903.98086053623 81413.5329980297 80629.2745480486 81723.15204648711
159 80438.88211438585 80720.00511955186 81689.74103104357 80448.96141502848 81835.18359148997 83902.02808214686 82249.93070461 83903.98086053623 81413.5329980297 80629.2745480486 81723.15204648711
160 80438.88211438585 80720.00511955186 81689.74103104357 80448.96141502848 81835.18359148997 83902.02808214686 82249.93070461 83903.98086053623 81413.5329980297 80629.2745480486 81723.15204648711
161 80438.88211438585 80720.00511955186 81689.74103104357 80448.96141502848 81835.18359148997 83902.02808214686 82249.93070461 83903.98086053623 81413.5329980297 80629.2745480486 81723.15204648711
162 80438.88211438585 80720.00511955186 81689.74103104357 80448.96141502848 81835.18359148997 83902.02808214686 82249.93070461 83903.98086053623 81413.5329980297 80629.2745480486 81723.15204648711
163 80438.88211438585 80720.00511955186 81689.74103104357 80448.96141502848 81835.18359148997 83902.02808214686 82249.93070461 83903.98086053623 81413.5329980297 80629.2745480486 81723.15204648711
164 80438.88211438585 80720.00511955186 81689.74103104357 80448.96141502848 81835.18359148997 83902.02808214686 82249.93070461 83903.98086053623 81413.5329980297 80629.2745480486 81723.15204648711
165 80438.88211438585 80720.00511955186 81689.74103104357 80448.96141502848 81835.18359148997 83902.02808214686 82249.93070461 83903.98086053623 81413.5329980297 80629.2745480486 81723.15204648711
166 80438.88211438585 80720.00511955186 81689.74103104357 80448.96141502848 81835.18359148997 83902.02808214686 82249.93070461 83903.98086053623 81413.5329980297 80629.2745480486 81723.15204648711
167 80438.88211438585 80720.00511955186 81689.74103104357 80448.96141502848 81835.18359148997 83902.02808214686 82249.93070461 83903.98086053623 81413.5329980297 78945.41980473475 81554.76657215573
168 80438.88211438585 80720.00511955186 81689.74103104357 80448.96141502848 81835.18359148997 83902.02808214686 82249.93070461 83903.98086053623 81413.5329980297 78945.41980473475 81554.76657215573
169 80438.88211438585 80720.00511955186 81689.74103104357 80448.96141502848 81835.18359148997 83902.02808214686 82249.93070461 83903.98086053623 81413.5329980297 78945.41980473475 81554.76657215573
170 80438.88211438585 80720.00511955186 81689.74103104357 80448.96141502848 81835.18359148997 83902.02808214686 82249.93070461 83903.98086053623 81413.5329980297 78945.41980473475 81554.76657215573
171 80438.88211438585 80720.00511955186 81689.74103104357 80448.96141502848 81835.18359148997 83902.02808214686 82249.93070461 83903.98086053623 81413.5329980297 78945.41980473475 81554.76657215573
172 80438.88211438585 80720.00511955186 81689.74103104357 80448.96141502848 81835.18359148997 83902.02808214686 82249.93070461 83903.98086053623 81413.5329980297 78945.41980473475 81554.76657215573
173 80438.88211438585 80720.00511955186 81689.74103104357 80448.96141502848 81835.18359148997 83902.02808214686 82249.93070461 83903.98086053623 81413.5329980297 78945.41980473475 81554.76657215573
174 80438.88211438585 80720.00511955186 81689.74103104357 80448.96141502848 81835.18359148997 83902.02808214686 82249.93070461 83903.98086053623 81413.5329980297 78945.41980473475 81554.76657215573
175 80438.88211438585 80720.00511955186 81689.74103104357 80448.96141502848 81835.18359148997 83460.60665711845 82249.93070461 83903.98086053623 81413.5329980297 78945.41980473475 81510.62442965289
176 80438.88211438585 80720.00511955186 81689.74103104357 80448.96141502848 81835.18359148997 83460.60665711845 82249.93070461 83903.98086053623 81413.5329980297 78945.41980473475 81510.62442965289
177 80438.88211438585 80720.00511955186 81689.74103104357 80448.96141502848 81835.18359148997 83460.60665711845 82249.93070461 83903.98086053623 81413.5329980297 78945.41980473475 81510.62442965289
178 80438.88211438585 80720.00511955186 81689.74103104357 80448.96141502848 81835.18359148997 83460.60665711845 82249.93070461 83903.98086053623 81413.5329980297 78945.41980473475 81510.62442965289
179 80438.88211438585 80720.00511955186 81689.74103104357 80448.96141502848 81835.18359148997 83460.60665711845 82249.93070461 83903.98086053623 81413.5329980297 78945.41980473475 81510.62442965289
180 80438.88211438585 80720.00511955186 81689.74103104357 80448.96141502848 81835.18359148997 83460.60665711845 82249.93070461 83903.98086053623 81413.5329980297 78945.41980473475 81510.62442965289
181 80438.88211438585 80720.00511955186 81689.74103104357 80448.96141502848 81835.18359148997 83460.60665711845 82249.93070461 83903.98086053623 81413.5329980297 78945.41980473475 81510.62442965289
182 80438.88211438585 80720.00511955186 81689.74103104357 80448.96141502848 81835.18359148997 83460.60665711845 82249.93070461 83903.98086053623 81413.5329980297 78945.41980473475 81510.62442965289
183 80438.88211438585 80720.00511955186 81689.74103104357 80448.96141502848 81835.18359148997 83460.60665711845 82249.93070461 83903.98086053623 81413.5329980297 78945.41980473475 81510.62442965289
184 80438.88211438585 80720.00511955186 81689.74103104357 80448.96141502848 81835.18359148997 83460.60665711845 82249.93070461 83903.98086053623 81413.5329980297 78945.41980473475 81510.62442965289
185 80438.88211438585 80720.00511955186 81689.74103104357 80448.96141502848 81835.18359148997 83460.60665711845 82249.93070461 83903.98086053623 81413.5329980297 78945.41980473475 81510.62442965289
186 80438.88211438585 80720.00511955186 81689.74103104357 80448.96141502848 81835.18359148997 83460.60665711845 82249.93070461 83903.98086053623 81413.5329980297 78945.41980473475 81510.62442965289
187 80438.88211438585 80720.00511955186 81689.74103104357 80448.96141502848 81835.18359148997 83460.60665711845 82249.93070461 83903.98086053623 81413.5329980297 78945.41980473475 81510.62442965289
188 80438.88211438585 80720.00511955186 81689.74103104357 80448.96141502848 81835.18359148997 83460.60665711845 82249.93070461 83903.98086053623 81413.5329980297 78945.41980473475 81510.62442965289
189 80438.88211438585 80720.00511955186 81689.74103104357 80448.96141502848 81835.18359148997 83460.60665711845 82249.93070461 83903.98086053623 81413.5329980297 78945.41980473475 81510.62442965289
190 80438.88211438585 80720.00511955186 81689.74103104357 80448.96141502848 81835.18359148997 83460.60665711845 82249.93070461 83903.98086053623 81413.5329980297 78945.41980473475 81510.62442965289
191 80438.88211438585 80720.00511955186 81689.74103104357 80448.96141502848 81835.18359148997 83460.60665711845 82249.93070461 83903.98086053623 81413.5329980297 78945.41980473475 81510.62442965289
192 80438.88211438585 80720.00511955186 81689.74103104357 80448.96141502848 81835.18359148997 83460.60665711845 82249.93070461 83903.98086053623 81413.5329980297 78945.41980473475 81510.62442965289
193 80438.88211438585 80720.00511955186 81689.74103104357 80448.96141502848 81835.18359148997 83460.60665711845 82249.93070461 83903.98086053623 81413.5329980297 78945.41980473475 81510.62442965289
194 80438.88211438585 80720.00511955186 81689.74103104357 80448.96141502848 81835.18359148997 83460.60665711845 82249.93070461 83903.98086053623 81413.5329980297 78945.41980473475 81510.62442965289
195 80438.88211438585 80720.00511955186 81689.74103104357 80448.96141502848 81835.18359148997 83460.60665711845 82249.93070461 83903.98086053623 81413.5329980297 78945.41980473475 81510.62442965289
196 80438.88211438585 80720.00511955186 81689.74103104357 80448.96141502848 81835.18359148997 83460.60665711845 82249.93070461 83903.98086053623 81413.5329980297 78945.41980473475 81510.62442965289
197 80438.88211438585 80720.00511955186 81689.74103104357 80448.96141502848 81835.18359148997 83460.60665711845 82249.93070461 83903.98086053623 81413.5329980297 78945.41980473475 81510.62442965289
198 80438.88211438585 80720.00511955186 81689.74103104357 80448.96141502848 81835.18359148997 83460.60665711845 82249.93070461 83903.98086053623 81413.5329980297 78945.41980473475 81510.62442965289
199 80438.88211438585 80720.00511955186 81689.74103104357 80448.96141502848 81835.18359148997 83460.60665711845 82249.93070461 83903.98086053623 81413.5329980297 78945.41980473475 81510.62442965289

